265.2, 176.9
269.2, 197.5
251.0, 205.2

// moved by 5cm in x dir
289.6, 186.2  27
262.2, 185,4  22
240.6, 187.3  22
218.8, 181.6  24
194.3, 187.7


// moved by 5cm in y dir
338.9, 208.8  17
338.5, 225.6  25
338.1, 250.0  19
339.5, 268.9  20
339.5, 288,3


338.8, 270.0  21
340.1, 291.8  18  
338.7, 309.8  21
340.4, 330.8  20
337,3, 350.5


29, 154.5 125 (120.5)
36, 201.5 165 (162)

165/125 = 1.32
704/480 = 1.46


// moved 30 cm in y
338.9, 162.7  118.3
339.4, 281.0

263.0, 194.0  127.4
135.4, 194.5

orientation:
pink: 302.8, 50.8
